T rho h s cp cv beta ws lam eta nu a Pr
gradC kg/m3 kJ/kg kJ/(kg.K) kJ/(kg.K) kJ/(kg.K) 10–3/K m/s mW/(m.K) 10–6Pa.s 10–7m2/s  10–7m2/s –
-60 1,637 -85,51 -0,3338 1,006 0,7163 4,725 292,7 19,60 14,07 85,93 118,9 0,7224 
-50 1,563 -75,44 -0,2877 1,006 0,7163 4,509 299,5 20,42 14,61 93,49 129,8 0,7202 
-40 1,496 -65,38 -0,2436 1,006 0,7164 4,313 306,2 21,22 15,15 101,3 141,1 0,7181 
-30 1,434 -55,32 -0,2013 1,006 0,7165 4,133 312,7 22,02 15,68 109,4 152,7 0,7161 
-20 1,377 -45,27 -0,1608 1,006 0,7166 3,967 319,1 22,81 16,20 117,7 164,7 0,7143 
-10 1,325 -35,21 -0,1218 1,006 0,7168 3,815 325,4 23,59 16,71 126,2 177,1 0,7126 
0 1,276 -25,15 -0,0843 1,006 0,7171 3,674 331,5 24,36 17,22 135,0 189,8 0,7110 
10 1,231 -15,09 -0,0481 1,006 0,7174 3,543 337,5 25,12 17,72 144,0 202,9 0,7095 
20 1,189 -5,029 -0,0132 1,006 0,7178 3,421 343,4 25,87 18,21 153,2 216,3 0,7081 
30 1,149 5,036 0,0205 1,007 0,7183 3,307 349,2 26,62 18,69 162,6 230,1 0,7068 
40 1,112 15,11 0,0532 1,007 0,7188 3,201 354,9 27,35 19,17 172,3 244,1 0,7056 
50 1,078 25,18 0,0849 1,008 0,7194 3,101 360,4 28,08 19,64 182,2 258,5 0,7045 
60 1,046 35,26 0,1156 1,008 0,7201 3,007 365,9 28,80 20,10 192,2 273,2 0,7035 
70 1,015 45,34 0,1454 1,009 0,7208 2,919 371,3 29,52 20,56 202,5 288,2 0,7026 
80 0,9862 55,44 0,1744 1,010 0,7217 2,836 376,7 30,22 21,01 213,0 303,5 0,7018
90 0,9590 65,54 0,2026 1,011 0,7226 2,758 381,9 30,93 21,46 223,7 319,1 0,7011 
100 0,9333 75,65 0,2301 1,011 0,7235 2,683 387,0 31,62 21,90 234,6 335,0 0,7004
120 0,8857 95,90 0,2830 1,014 0,7258 2,546 397,1 32,99 22,76 257,0 367,5 0,6994 
140 0,8428 116,2 0,3333 1,016 0,7283 2,423 406,9 34,34 23,61 280,1 401,0 0,6986 
160 0,8039 136,5 0,3814 1,019 0,7311 2,310 416,4 35,66 24,44 304,0 435,4 0,6982 
180 0,7684 156,9 0,4275 1,022 0,7342 2,208 425,6 36,96 25,25 328,6 470,8 0,6980 
200 0,7359 177,4 0,4717 1,025 0,7376 2,115 434,7 38,25 26,05 353,9 507,0 0,6981